134
135
136
137
139
140
141
143
143
145
146
147
148
150
151
151
152
153
155
156
156
157
158
159
159
161
162
163
164
166
167
167
168
169
170
171
172
172
174
174
175
175
176
177
178
179
179
180
181
182
183
183
184
184
185
185
186
187
187
188
188
188
189
190
190
191
191
191
192
193
193
195
195
195
196
197
198
198
199
199
199
199
200
200
201
201
201
202
203
203
203
204
204
204
204
204
204
205
205
205
205
206
204
204
203
202
201
200
200
199
199
198
198
198
196
196
196
195
195
195
195
194
194
193
193
193
193
193
192
192
192
192
192
192
192
192
192
192
192
191
190
190
189
188
188
188
187
187
186
185
185
185
184
184
184
184
184
183
183
183
182
182
182
181
181
180
180
180
180
180
179
179
179
179
179
179
179
178
178
178
178
178
177
177
177
177
177
177
177
177
177
177
177
177
177
176
